$ 1 0.000005 30.13683688681966 50 5 43 5e-11
162 -256 -288 -224 -288 2 default-led 1 0 0 0.01
162 -272 -272 -272 -240 2 default-led 1 0 0 0.01
162 -272 -208 -272 -176 2 default-led 1 0 0 0.01
162 -256 -160 -224 -160 2 default-led 1 0 0 0.01
162 -208 -272 -208 -240 2 default-led 1 0 0 0.01
162 -208 -208 -208 -176 2 default-led 1 0 0 0.01
162 -256 -224 -224 -224 2 default-led 1 0 0 0.01
w -272 -272 -400 -272 0
w -256 -288 -400 -288 0
w -208 -272 -208 -256 0
w -208 -256 -400 -256 0
w -256 -224 -400 -224 0
w -272 -208 -400 -208 0
w -208 -208 -208 -192 0
w -208 -192 -400 -192 0
w -256 -160 -400 -160 0
w -224 -288 -128 -288 0
w -224 -224 -128 -224 0
w -272 -240 -272 -256 0
w -272 -256 -128 -256 0
w -208 -240 -128 -240 0
w -272 -176 -272 -192 0
w -272 -192 -128 -192 0
w -208 -176 -128 -176 0
w -224 -160 -128 -160 0
r -400 -288 -432 -288 0 1000
r -400 -272 -432 -272 0 1000
r -400 -256 -432 -256 0 1000
r -400 -224 -432 -224 0 1000
r -400 -208 -432 -208 0 1000
r -400 -192 -432 -192 0 1000
r -400 -160 -432 -160 0 1000
d -720 -368 -656 -368 2 default
r -656 -368 -624 -368 0 1000
c -624 -368 -624 -336 4 0.000009999999999999999 1.0844931122290837 0.001 0
c -624 -320 -624 -288 4 0.000019999999999999998 1.1773729200015837 0.001 0
r -656 -320 -624 -320 0 1000
d -720 -320 -656 -320 2 default
c -624 -272 -624 -240 4 0.000029999999999999997 1.2493490040456598 0.001 0
r -656 -272 -624 -272 0 1000
d -720 -272 -656 -272 2 default
c -624 -224 -624 -192 4 0.000039999999999999996 1.3080506112759898 0.001 0
r -656 -224 -624 -224 0 1000
d -720 -224 -656 -224 2 default
c -624 -176 -624 -144 4 0.000049999999999999996 1.3550268046136371 0.001 0
r -656 -176 -624 -176 0 1000
d -720 -176 -656 -176 2 default
c -624 -128 -624 -96 4 0.000059999999999999995 1.3899920769421472 0.001 0
r -656 -128 -624 -128 0 1000
d -720 -128 -656 -128 2 default
c -624 -80 -624 -48 4 0.00007 1.4128011924208552 0.001 0
r -656 -80 -624 -80 0 1000
d -720 -80 -656 -80 2 default
w -624 -368 -432 -288 0
w -432 -272 -624 -320 0
w -624 -272 -432 -256 0
w -432 -224 -624 -224 0
w -624 -176 -432 -208 0
w -432 -192 -624 -128 0
w -624 -80 -432 -160 0
w -128 -288 -624 -336 0
w -624 -288 -128 -256 0
w -128 -240 -624 -240 0
w -128 -224 -624 -192 0
w -128 -192 -624 -144 0
w -624 -96 -128 -176 0
w -128 -160 -624 -48 0
w -624 -336 -752 -336 0
w -624 -288 -752 -288 0
w -624 -240 -752 -240 0
w -624 -192 -752 -192 0
w -624 -144 -752 -144 0
w -624 -96 -752 -96 0
w -624 -48 -752 -48 0
w -752 -336 -752 -288 0
w -752 -288 -752 -240 0
w -752 -240 -752 -192 0
w -752 -192 -752 -144 0
w -752 -144 -752 -96 0
w -752 -96 -752 -48 0
s -1024 -512 -960 -512 0 1 false
s -1024 -496 -960 -496 0 1 false
s -1024 -480 -960 -480 0 1 false
s -1024 -464 -960 -464 0 1 false
s -1024 -448 -960 -448 0 1 false
s -1024 -432 -960 -432 0 1 false
s -1024 -416 -960 -416 0 1 false
s -1024 -400 -960 -400 0 1 false
s -1024 -384 -960 -384 0 1 false
s -1024 -368 -960 -368 0 1 false
w -1024 -368 -1024 -48 0
w -1024 -384 -1024 -368 0
w -1024 -400 -1024 -384 0
w -1024 -416 -1024 -400 0
w -1024 -432 -1024 -416 0
w -1024 -448 -1024 -432 0
w -1024 -464 -1024 -448 0
w -1024 -480 -1024 -464 0
w -1024 -496 -1024 -480 0
w -1024 -512 -1024 -496 0
v -752 -48 -832 -48 0 0 40 5 0 0 0.5
d -960 -512 -720 -368 2 default
d -960 -512 -720 -320 2 default
d -960 -512 -720 -272 2 default
d -960 -512 -720 -176 2 default
d -960 -512 -720 -128 2 default
d -960 -512 -720 -80 2 default
d -960 -496 -720 -272 2 default
d -960 -496 -720 -128 2 default
d -960 -480 -720 -368 2 default
d -960 -480 -720 -272 2 default
d -960 -480 -720 -224 2 default
d -960 -480 -720 -176 2 default
d -960 -480 -720 -80 2 default
d -960 -464 -720 -368 2 default
d -960 -464 -720 -272 2 default
d -960 -464 -720 -224 2 default
d -960 -464 -720 -128 2 default
d -960 -464 -720 -80 2 default
d -960 -448 -720 -320 2 default
d -960 -448 -720 -272 2 default
d -960 -448 -720 -224 2 default
d -960 -448 -720 -128 2 default
d -960 -432 -720 -368 2 default
d -960 -432 -720 -320 2 default
d -960 -432 -720 -224 2 default
d -960 -432 -720 -128 2 default
d -960 -432 -720 -80 2 default
d -960 -416 -720 -368 2 default
d -960 -416 -720 -320 2 default
d -960 -416 -720 -224 2 default
d -960 -416 -720 -176 2 default
d -960 -416 -720 -128 2 default
d -960 -416 -720 -80 2 default
d -960 -400 -720 -368 2 default
d -960 -400 -720 -272 2 default
d -960 -400 -720 -128 2 default
d -960 -384 -720 -368 2 default
d -960 -384 -720 -320 2 default
d -960 -384 -720 -272 2 default
d -960 -384 -720 -224 2 default
d -960 -384 -720 -176 2 default
d -960 -384 -720 -128 2 default
d -960 -384 -720 -80 2 default
d -960 -368 -720 -368 2 default
d -960 -368 -720 -320 2 default
d -960 -368 -720 -272 2 default
d -960 -368 -720 -224 2 default
d -960 -368 -720 -128 2 default
d -960 -368 -720 -80 2 default
s -832 -48 -1024 -48 0 0 false
